 #isim, iat, iconf
           0           3          86
           1           6          46
           2           7          79
           3           6          82
           4           1          81
           5           5          86
           6           4          89
           7           1          47
           8           7          46
           9           3          46
          10           4          21
          11           8          67
          12           4          65
          13           6          86
          14           7          31
          15           7          33
          16           2          86
          17           4          86
          18           5           9
          19           7          76
          20           4          79
          21           6          31
          22           8          24
          23           8          11
          24           2          84
          25           1          86
          26           7          53
          27           3          58
          28           4          92
          29           6          89
          30           7          86
          31           3          26
          32           8          86
          33           7          89
          34           1           4
          35           2          89
          36           1          67
          37           8          92
          38           7           4
          39           5          58
          40           4           4
          41           3           4
          42           4          88
          43           3          34
          44           7          45
          45           5           4
          46           2           4
          47           7          67
          48           5          92
          49           7          95
          50           5          33
          51           5          46
          52           5          62
          53           8           4
          54           5           2
          55           5          52
          56           4          10
          57           6          95
          58           1          76
          59           3          62
          60           6           4
          61           3          12
          62           6          15
          63           8          84
          64           6          45
          65           6          84
          66           1          28
          67           6          38
          68           8          29
          69           1          91
          70           8          31
          71           6          52
          72           6          13
          73           1          38
          74           4          59
          75           2          79
          76           3          92
          77           5          81
          78           1          92
          79           2          59
          80           4           5
          81           2          54
          82           1          79
          83           6          92
          84           7          28
          85           3          31
          86           3          36
          87           4          35
          88           4          63
          89           6          24
          90           2          53
          91           2          85
          92           7          59
          93           6           9
          94           1          63
          95           2          74
          96           2           2
          97           8           6
          98           2          92
          99           7          38
         100           3          51
