           1           1           1
           2           2           1
           3           3           1
           4           4           1
           5           5           1
           6           6           1
           7           7           1
           8           8           1
           9           1           2
          10           2           2
          11           3           2
          12           4           2
          13           5           2
          14           6           2
          15           7           2
          16           8           2
          17           1           3
          18           2           3
          19           3           3
          20           4           3
          21           5           3
          22           6           3
          23           7           3
          24           8           3
          25           1           4
          26           2           4
          27           3           4
          28           4           4
          29           5           4
          30           6           4
          31           7           4
          32           8           4
          33           1           5
          34           2           5
          35           3           5
          36           4           5
          37           5           5
          38           6           5
          39           7           5
          40           8           5
          41           1           6
          42           2           6
          43           3           6
          44           4           6
          45           5           6
          46           6           6
          47           7           6
          48           8           6
          49           1           7
          50           2           7
          51           3           7
          52           4           7
          53           5           7
          54           6           7
          55           7           7
          56           8           7
          57           1           8
          58           2           8
          59           3           8
          60           4           8
          61           5           8
          62           6           8
          63           7           8
          64           8           8
          65           1           9
          66           2           9
          67           3           9
          68           4           9
          69           5           9
          70           6           9
          71           7           9
          72           8           9
          73           1          10
          74           2          10
          75           3          10
          76           4          10
          77           5          10
          78           6          10
          79           7          10
          80           8          10
          81           1          11
          82           2          11
          83           3          11
          84           4          11
          85           5          11
          86           6          11
          87           7          11
          88           8          11
          89           1          12
          90           2          12
          91           3          12
          92           4          12
          93           5          12
          94           6          12
          95           7          12
          96           8          12
          97           1          13
          98           2          13
          99           3          13
         100           4          13
         101           5          13
         102           6          13
         103           7          13
         104           8          13
         105           1          14
         106           2          14
         107           3          14
         108           4          14
         109           5          14
         110           6          14
         111           7          14
         112           8          14
         113           1          15
         114           2          15
         115           3          15
         116           4          15
         117           5          15
         118           6          15
         119           7          15
         120           8          15
         121           1          16
         122           2          16
         123           3          16
         124           4          16
         125           5          16
         126           6          16
         127           7          16
         128           8          16
         129           1          17
         130           2          17
         131           3          17
         132           4          17
         133           5          17
         134           6          17
         135           7          17
         136           8          17
         137           1          18
         138           2          18
         139           3          18
         140           4          18
         141           5          18
         142           6          18
         143           7          18
         144           8          18
         145           1          19
         146           2          19
         147           3          19
         148           4          19
         149           5          19
         150           6          19
         151           7          19
         152           8          19
         153           1          20
         154           2          20
         155           3          20
         156           4          20
         157           5          20
         158           6          20
         159           7          20
         160           8          20
         161           1          21
         162           2          21
         163           3          21
         164           4          21
         165           5          21
         166           6          21
         167           7          21
         168           8          21
         169           1          22
         170           2          22
         171           3          22
         172           4          22
         173           5          22
         174           6          22
         175           7          22
         176           8          22
         177           1          23
         178           2          23
         179           3          23
         180           4          23
         181           5          23
         182           6          23
         183           7          23
         184           8          23
         185           1          24
         186           2          24
         187           3          24
         188           4          24
         189           5          24
         190           6          24
         191           7          24
         192           8          24
         193           1          25
         194           2          25
         195           3          25
         196           4          25
         197           5          25
         198           6          25
         199           7          25
         200           8          25
         201           1          26
         202           2          26
         203           3          26
         204           4          26
         205           5          26
         206           6          26
         207           7          26
         208           8          26
         209           1          27
         210           2          27
         211           3          27
         212           4          27
         213           5          27
         214           6          27
         215           7          27
         216           8          27
         217           1          28
         218           2          28
         219           3          28
         220           4          28
         221           5          28
         222           6          28
         223           7          28
         224           8          28
         225           1          29
         226           2          29
         227           3          29
         228           4          29
         229           5          29
         230           6          29
         231           7          29
         232           8          29
         233           1          30
         234           2          30
         235           3          30
         236           4          30
         237           5          30
         238           6          30
         239           7          30
         240           8          30
         241           1          31
         242           2          31
         243           3          31
         244           4          31
         245           5          31
         246           6          31
         247           7          31
         248           8          31
         249           1          32
         250           2          32
         251           3          32
         252           4          32
         253           5          32
         254           6          32
         255           7          32
         256           8          32
         257           1          33
         258           2          33
         259           3          33
         260           4          33
         261           5          33
         262           6          33
         263           7          33
         264           8          33
         265           1          34
         266           2          34
         267           3          34
         268           4          34
         269           5          34
         270           6          34
         271           7          34
         272           8          34
         273           1          35
         274           2          35
         275           3          35
         276           4          35
         277           5          35
         278           6          35
         279           7          35
         280           8          35
         281           1          36
         282           2          36
         283           3          36
         284           4          36
         285           5          36
         286           6          36
         287           7          36
         288           8          36
         289           1          37
         290           2          37
         291           3          37
         292           4          37
         293           5          37
         294           6          37
         295           7          37
         296           8          37
         297           1          38
         298           2          38
         299           3          38
         300           4          38
         301           5          38
         302           6          38
         303           7          38
         304           8          38
         305           1          39
         306           2          39
         307           3          39
         308           4          39
         309           5          39
         310           6          39
         311           7          39
         312           8          39
         313           1          40
         314           2          40
         315           3          40
         316           4          40
         317           5          40
         318           6          40
         319           7          40
         320           8          40
         321           1          41
         322           2          41
         323           3          41
         324           4          41
         325           5          41
         326           6          41
         327           7          41
         328           8          41
         329           1          42
         330           2          42
         331           3          42
         332           4          42
         333           5          42
         334           6          42
         335           7          42
         336           8          42
         337           1          43
         338           2          43
         339           3          43
         340           4          43
         341           5          43
         342           6          43
         343           7          43
         344           8          43
         345           1          44
         346           2          44
         347           3          44
         348           4          44
         349           5          44
         350           6          44
         351           7          44
         352           8          44
         353           1          45
         354           2          45
         355           3          45
         356           4          45
         357           5          45
         358           6          45
         359           7          45
         360           8          45
         361           1          46
         362           2          46
         363           3          46
         364           4          46
         365           5          46
         366           6          46
         367           7          46
         368           8          46
         369           1          47
         370           2          47
         371           3          47
         372           4          47
         373           5          47
         374           6          47
         375           7          47
         376           8          47
         377           1          48
         378           2          48
         379           3          48
         380           4          48
         381           5          48
         382           6          48
         383           7          48
         384           8          48
         385           1          49
         386           2          49
         387           3          49
         388           4          49
         389           5          49
         390           6          49
         391           7          49
         392           8          49
         393           1          50
         394           2          50
         395           3          50
         396           4          50
         397           5          50
         398           6          50
         399           7          50
         400           8          50
         401           1          51
         402           2          51
         403           3          51
         404           4          51
         405           5          51
         406           6          51
         407           7          51
         408           8          51
         409           1          52
         410           2          52
         411           3          52
         412           4          52
         413           5          52
         414           6          52
         415           7          52
         416           8          52
         417           1          53
         418           2          53
         419           3          53
         420           4          53
         421           5          53
         422           6          53
         423           7          53
         424           8          53
         425           1          54
         426           2          54
         427           3          54
         428           4          54
         429           5          54
         430           6          54
         431           7          54
         432           8          54
         433           1          55
         434           2          55
         435           3          55
         436           4          55
         437           5          55
         438           6          55
         439           7          55
         440           8          55
         441           1          56
         442           2          56
         443           3          56
         444           4          56
         445           5          56
         446           6          56
         447           7          56
         448           8          56
         449           1          57
         450           2          57
         451           3          57
         452           4          57
         453           5          57
         454           6          57
         455           7          57
         456           8          57
         457           1          58
         458           2          58
         459           3          58
         460           4          58
         461           5          58
         462           6          58
         463           7          58
         464           8          58
         465           1          59
         466           2          59
         467           3          59
         468           4          59
         469           5          59
         470           6          59
         471           7          59
         472           8          59
         473           1          60
         474           2          60
         475           3          60
         476           4          60
         477           5          60
         478           6          60
         479           7          60
         480           8          60
         481           1          61
         482           2          61
         483           3          61
         484           4          61
         485           5          61
         486           6          61
         487           7          61
         488           8          61
         489           1          62
         490           2          62
         491           3          62
         492           4          62
         493           5          62
         494           6          62
         495           7          62
         496           8          62
         497           1          63
         498           2          63
         499           3          63
         500           4          63
         501           5          63
         502           6          63
         503           7          63
         504           8          63
         505           1          64
         506           2          64
         507           3          64
         508           4          64
         509           5          64
         510           6          64
         511           7          64
         512           8          64
         513           1          65
         514           2          65
         515           3          65
         516           4          65
         517           5          65
         518           6          65
         519           7          65
         520           8          65
         521           1          66
         522           2          66
         523           3          66
         524           4          66
         525           5          66
         526           6          66
         527           7          66
         528           8          66
         529           1          67
         530           2          67
         531           3          67
         532           4          67
         533           5          67
         534           6          67
         535           7          67
         536           8          67
         537           1          68
         538           2          68
         539           3          68
         540           4          68
         541           5          68
         542           6          68
         543           7          68
         544           8          68
         545           1          69
         546           2          69
         547           3          69
         548           4          69
         549           5          69
         550           6          69
         551           7          69
         552           8          69
         553           1          70
         554           2          70
         555           3          70
         556           4          70
         557           5          70
         558           6          70
         559           7          70
         560           8          70
         561           1          71
         562           2          71
         563           3          71
         564           4          71
         565           5          71
         566           6          71
         567           7          71
         568           8          71
         569           1          72
         570           2          72
         571           3          72
         572           4          72
         573           5          72
         574           6          72
         575           7          72
         576           8          72
         577           1          73
         578           2          73
         579           3          73
         580           4          73
         581           5          73
         582           6          73
         583           7          73
         584           8          73
         585           1          74
         586           2          74
         587           3          74
         588           4          74
         589           5          74
         590           6          74
         591           7          74
         592           8          74
         593           1          75
         594           2          75
         595           3          75
         596           4          75
         597           5          75
         598           6          75
         599           7          75
         600           8          75
         601           1          76
         602           2          76
         603           3          76
         604           4          76
         605           5          76
         606           6          76
         607           7          76
         608           8          76
         609           1          77
         610           2          77
         611           3          77
         612           4          77
         613           5          77
         614           6          77
         615           7          77
         616           8          77
         617           1          78
         618           2          78
         619           3          78
         620           4          78
         621           5          78
         622           6          78
         623           7          78
         624           8          78
         625           1          79
         626           2          79
         627           3          79
         628           4          79
         629           5          79
         630           6          79
         631           7          79
         632           8          79
         633           1          80
         634           2          80
         635           3          80
         636           4          80
         637           5          80
         638           6          80
         639           7          80
         640           8          80
         641           1          81
         642           2          81
         643           3          81
         644           4          81
         645           5          81
         646           6          81
         647           7          81
         648           8          81
         649           1          82
         650           2          82
         651           3          82
         652           4          82
         653           5          82
         654           6          82
         655           7          82
         656           8          82
         657           1          83
         658           2          83
         659           3          83
         660           4          83
         661           5          83
         662           6          83
         663           7          83
         664           8          83
         665           1          84
         666           2          84
         667           3          84
         668           4          84
         669           5          84
         670           6          84
         671           7          84
         672           8          84
         673           1          85
         674           2          85
         675           3          85
         676           4          85
         677           5          85
         678           6          85
         679           7          85
         680           8          85
         681           1          86
         682           2          86
         683           3          86
         684           4          86
         685           5          86
         686           6          86
         687           7          86
         688           8          86
         689           1          87
         690           2          87
         691           3          87
         692           4          87
         693           5          87
         694           6          87
         695           7          87
         696           8          87
         697           1          88
         698           2          88
         699           3          88
         700           4          88
         701           5          88
         702           6          88
         703           7          88
         704           8          88
         705           1          89
         706           2          89
         707           3          89
         708           4          89
         709           5          89
         710           6          89
         711           7          89
         712           8          89
         713           1          90
         714           2          90
         715           3          90
         716           4          90
         717           5          90
         718           6          90
         719           7          90
         720           8          90
         721           1          91
         722           2          91
         723           3          91
         724           4          91
         725           5          91
         726           6          91
         727           7          91
         728           8          91
         729           1          92
         730           2          92
         731           3          92
         732           4          92
         733           5          92
         734           6          92
         735           7          92
         736           8          92
         737           1          93
         738           2          93
         739           3          93
         740           4          93
         741           5          93
         742           6          93
         743           7          93
         744           8          93
         745           1          94
         746           2          94
         747           3          94
         748           4          94
         749           5          94
         750           6          94
         751           7          94
         752           8          94
         753           1          95
         754           2          95
         755           3          95
         756           4          95
         757           5          95
         758           6          95
         759           7          95
         760           8          95
         761           1          96
         762           2          96
         763           3          96
         764           4          96
         765           5          96
         766           6          96
         767           7          96
         768           8          96
         769           1          97
         770           2          97
         771           3          97
         772           4          97
         773           5          97
         774           6          97
         775           7          97
         776           8          97
         777           1          98
         778           2          98
         779           3          98
         780           4          98
         781           5          98
         782           6          98
         783           7          98
         784           8          98
         785           1          99
         786           2          99
         787           3          99
         788           4          99
         789           5          99
         790           6          99
         791           7          99
         792           8          99
